Listening to port 4567
Connected!!!
EKF: intitialization 
42["estimate_marker",{"estimate_x":0.312242686748505,"estimate_y":0.580339789390564,"rmse_vx":5.19993686676025,"rmse_vy":0.0,"rmse_x":0.287757337093353,"rmse_y":0.0196602344512939}]
x_ = 0.779913
0.722413
 6.65259
 1.97674
P_ =   0.0188397   0.0342893  0.00441314 -0.00217457
  0.0342893   0.0641216 -0.00217459  0.00154144
 0.00441314 -0.00217459     221.662    -119.214
-0.00217457  0.00154144    -119.214     64.2309
42["estimate_marker",{"estimate_x":0.779912773666643,"estimate_y":0.722413461113651,"rmse_vx":3.81772806483675,"rmse_vy":1.39649758002557,"rmse_x":0.211208114934982,"rmse_y":0.0876372867710219}]
x_ =    1.19545
  0.535063
   10.3167
-0.0105175
P_ =   0.0208892 -0.00171888    0.338288   -0.181386
-0.00171888   0.0186193   -0.181386   0.0987523
   0.338288   -0.181386     6.90495    -3.65473
  -0.181386   0.0987523    -3.65473     2.07857
42["estimate_marker",{"estimate_x":1.19544683827738,"estimate_y":0.53506253222271,"rmse_vx":4.29482600494643,"rmse_vy":1.1402724864583,"rmse_x":0.177869213143327,"rmse_y":0.0808428207189889}]
x_ =  1.03211
0.563929
 4.61321
  2.6006
P_ =  0.00541299  0.00283651   0.0212963  -0.0229234
 0.00283651  0.00355763  0.00694422 -0.00320269
  0.0212963  0.00694422    0.130431   -0.102783
 -0.0229234 -0.00320269   -0.102783    0.225232
42["estimate_marker",{"estimate_x":1.03211455673099,"estimate_y":0.563929322254626,"rmse_vx":3.73094210960805,"rmse_vy":1.62848314919834,"rmse_x":0.232328098831456,"rmse_y":0.0723766815970175}]
x_ =  1.35877
0.703667
   4.975
 2.20633
P_ =  0.00577125  0.00113197     0.02101  -0.0212983
 0.00113197  0.00318497 0.000121766  0.00881281
    0.02101 0.000121766    0.126421  -0.0766251
 -0.0212983  0.00881281  -0.0766251    0.217791
42["estimate_marker",{"estimate_x":1.35877389531145,"estimate_y":0.703666556168572,"rmse_vx":3.3385511678421,"rmse_vy":1.75481043744251,"rmse_x":0.242874259764337,"rmse_y":0.0792751673174962}]
x_ =  1.71966
0.648446
 5.39616
 1.08095
P_ =  0.00523605  0.00123826   0.0132634  -0.0139313
 0.00123826  0.00229601 0.000904524   0.0045424
  0.0132634 0.000904524   0.0684749  -0.0399566
 -0.0139313   0.0045424  -0.0399566    0.126651
42["estimate_marker",{"estimate_x":1.71965677229623,"estimate_y":0.648446339975503,"rmse_vx":3.04874352222093,"rmse_vy":1.65870202371277,"rmse_x":0.233594870805424,"rmse_y":0.0747625282487976}]
x_ =  2.03462
0.698956
 5.51682
0.946256
P_ =  0.00518542 0.000329645   0.0132903  -0.0124257
0.000329645   0.0027036 -0.00121466   0.0102965
  0.0132903 -0.00121466   0.0807269  -0.0299302
 -0.0124257   0.0102965  -0.0299302     0.13512
42["estimate_marker",{"estimate_x":2.03462228501861,"estimate_y":0.698955529362579,"rmse_vx":2.8251789199839,"rmse_vy":1.57358735635914,"rmse_x":0.221373895062582,"rmse_y":0.0779532234299332}]
x_ =  2.27665
0.698632
 5.29901
0.729449
P_ =   0.00492758  0.000332902   0.00904869  -0.00963267
 0.000332902   0.00240124 -0.000826305   0.00887252
  0.00904869 -0.000826305     0.051696    -0.021414
 -0.00963267   0.00887252    -0.021414     0.110407
42["estimate_marker",{"estimate_x":2.27665147484156,"estimate_y":0.698632204984082,"rmse_vx":2.64296518006793,"rmse_vy":1.49141568857485,"rmse_x":0.213149571919857,"rmse_y":0.079894557184065}]
x_ =  2.56596
0.724785
 5.35238
0.647881
P_ =    0.0047203 -0.000166068   0.00962338  -0.00834752
-0.000166068   0.00308596  -0.00154681    0.0128252
  0.00962338  -0.00154681    0.0688493    -0.015808
 -0.00834752    0.0128252    -0.015808     0.120412
42["estimate_marker",{"estimate_x":2.56595592245357,"estimate_y":0.724785042773263,"rmse_vx":2.49236708906326,"rmse_vy":1.41950004565356,"rmse_x":0.204481459312695,"rmse_y":0.0846138545120688}]
x_ =   2.8481
0.709108
 5.33672
0.419564
P_ =    0.0045703 -6.37226e-05   0.00697503  -0.00653242
-6.37226e-05   0.00293112  -0.00126807    0.0114909
  0.00697503  -0.00126807    0.0474781   -0.0149782
 -0.00653242    0.0114909   -0.0149782      0.10617
42["estimate_marker",{"estimate_x":2.84810074388303,"estimate_y":0.709107567756979,"rmse_vx":2.36490321025291,"rmse_vy":1.3509135280453,"rmse_x":0.196108262692902,"rmse_y":0.0858565193814253}]
x_ =  3.09645
0.716524
 5.30674
0.385493
P_ =   0.00434936 -0.000331927   0.00796575  -0.00561769
-0.000331927   0.00364599  -0.00154393    0.0144411
  0.00796575  -0.00154393    0.0663307   -0.0112091
 -0.00561769    0.0144411   -0.0112091     0.115708
42["estimate_marker",{"estimate_x":3.09645408573127,"estimate_y":0.716524399936235,"rmse_vx":2.2551145574286,"rmse_vy":1.29094802370357,"rmse_x":0.189505739027964,"rmse_y":0.0871600048873056}]
x_ =    3.39229
  0.644275
   5.33376
0.00783767
P_ =   0.00429067 -0.000227192   0.00598564  -0.00457992
-0.000227192   0.00357784  -0.00137116    0.0134901
  0.00598564  -0.00137116     0.046183   -0.0124122
 -0.00457992    0.0134901   -0.0124122     0.108237
42["estimate_marker",{"estimate_x":3.39229261776011,"estimate_y":0.644274556548776,"rmse_vx":2.15950866017616,"rmse_vy":1.23639901141494,"rmse_x":0.182434334327911,"rmse_y":0.0836817476504114}]
x_ =  3.70716
0.578325
 5.43076
-0.26584
P_ =     0.004096 -0.000369107   0.00721219  -0.00393449
-0.000369107   0.00422401  -0.00147255     0.015725
  0.00721219  -0.00147255    0.0657135  -0.00947137
 -0.00393449     0.015725  -0.00947137     0.116224
42["estimate_marker",{"estimate_x":3.70716146955819,"estimate_y":0.578325109828844,"rmse_vx":2.07588514781304,"rmse_vy":1.19320358662586,"rmse_x":0.175301709065495,"rmse_y":0.0816242821091413}]
x_ =   3.98896
 0.594126
  5.47848
-0.161551
P_ =   0.00409028 -0.000287303   0.00542502  -0.00327114
-0.000287303   0.00429084  -0.00102126    0.0154612
  0.00542502  -0.00102126    0.0449523  -0.00877996
 -0.00327114    0.0154612  -0.00877996      0.11414
42["estimate_marker",{"estimate_x":3.98895788959583,"estimate_y":0.594126224224241,"rmse_vx":2.00190814712804,"rmse_vy":1.15306134540652,"rmse_x":0.168954769102744,"rmse_y":0.0794734548939604}]
x_ =   4.27109
 0.583745
  5.49282
-0.172863
P_ =   0.00392178 -0.000339869   0.00677768  -0.00273521
-0.000339869   0.00481522  -0.00102335    0.0170241
  0.00677768  -0.00102335    0.0649052  -0.00667399
 -0.00273521    0.0170241  -0.00667399     0.119747
42["estimate_marker",{"estimate_x":4.27109385425587,"estimate_y":0.583744960554329,"rmse_vx":1.93568537865319,"rmse_vy":1.11784465213836,"rmse_x":0.163472542653164,"rmse_y":0.0784142241772733}]
x_ =     4.5282
  0.601625
   5.34028
-0.0921347
P_ =   0.00395143 -0.000291796   0.00521593  -0.00245396
-0.000291796    0.0050136  -0.00095333    0.0172493
  0.00521593  -0.00095333    0.0447019  -0.00793729
 -0.00245396    0.0172493  -0.00793729     0.120034
42["estimate_marker",{"estimate_x":4.52819566901951,"estimate_y":0.601625029752124,"rmse_vx":1.87464967001598,"rmse_vy":1.08505513562151,"rmse_x":0.158493509099789,"rmse_y":0.0771095511707063}]
x_ =  4.71591
0.675072
 5.19702
0.191231
P_ =   0.00381297 -0.000304785   0.00663722  -0.00204513
-0.000304785    0.0053646 -0.000919721    0.0180971
  0.00663722 -0.000919721    0.0647828  -0.00612292
 -0.00204513    0.0180971  -0.00612292     0.123121
42["estimate_marker",{"estimate_x":4.71591178342203,"estimate_y":0.67507172229028,"rmse_vx":1.81868423690113,"rmse_vy":1.05273178877022,"rmse_x":0.154044001167865,"rmse_y":0.0748333697668845}]
x_ =  4.96798
0.671294
 5.04539
0.130769
P_ =   0.00386489 -0.000297417   0.00519569  -0.00211042
-0.000297417   0.00562948  -0.00127878    0.0185632
  0.00519569  -0.00127878    0.0449853  -0.00943107
 -0.00211042    0.0185632  -0.00943107      0.12442
42["estimate_marker",{"estimate_x":4.96797679354502,"estimate_y":0.671294004371949,"rmse_vx":1.76769810917684,"rmse_vy":1.02361780688702,"rmse_x":0.150082105654455,"rmse_y":0.0727526217529935}]
x_ =   5.27045
 0.666184
  5.13521
0.0820324
P_ =   0.00375212 -0.000303356   0.00664853  -0.00180967
-0.000303356   0.00579318  -0.00119171    0.0187857
  0.00664853  -0.00119171    0.0650265  -0.00732564
 -0.00180967    0.0187857  -0.00732564      0.12555
42["estimate_marker",{"estimate_x":5.27045478310156,"estimate_y":0.666184207687317,"rmse_vx":1.72056811797363,"rmse_vy":0.997621768353357,"rmse_x":0.14607949521603,"rmse_y":0.0711040008583579}]
x_ =   5.53204
  0.67154
  5.27133
0.0994464
P_ =   0.00381182 -0.000313922   0.00518239   -0.0019517
-0.000313922   0.00621431  -0.00138455    0.0198658
  0.00518239  -0.00138455     0.044919  -0.00945112
  -0.0019517    0.0198658  -0.00945112     0.129279
42["estimate_marker",{"estimate_x":5.53204273166525,"estimate_y":0.67153983132686,"rmse_vx":1.67717338733263,"rmse_vy":0.97382183581216,"rmse_x":0.142381323515039,"rmse_y":0.0698433202572777}]
x_ =  5.83254
0.682266
 5.33644
0.110531
P_ =   0.00371397 -0.000305268   0.00664663  -0.00165923
-0.000305268   0.00618447  -0.00123824    0.0194676
  0.00664663  -0.00123824    0.0649563  -0.00725503
 -0.00165923    0.0194676  -0.00725503     0.128333
42["estimate_marker",{"estimate_x":5.83254358585728,"estimate_y":0.682265696654565,"rmse_vx":1.63720995076362,"rmse_vy":0.952077142255008,"rmse_x":0.139285280094789,"rmse_y":0.0688891311836449}]
x_ =   6.07232
 0.624862
  5.13026
-0.097992
P_ =   0.00377975 -0.000337588   0.00518097  -0.00188916
-0.000337588   0.00677156  -0.00145997    0.0211207
  0.00518097  -0.00145997    0.0448444  -0.00939993
 -0.00188916    0.0211207  -0.00939993      0.13392
42["estimate_marker",{"estimate_x":6.07231873076024,"estimate_y":0.624862433543165,"rmse_vx":1.59957587206959,"rmse_vy":0.936466125872846,"rmse_x":0.136196986167923,"rmse_y":0.0722168105206125}]
x_ =  6.32649
 0.71538
 5.11591
0.194783
P_ =   0.00369094 -0.000313289   0.00664883  -0.00157701
-0.000313289    0.0065411   -0.0012577     0.020096
  0.00664883   -0.0012577    0.0648767  -0.00711645
 -0.00157701     0.020096  -0.00711645     0.130907
42["estimate_marker",{"estimate_x":6.32649237527721,"estimate_y":0.715380268446191,"rmse_vx":1.56443039970345,"rmse_vy":0.917405380194647,"rmse_x":0.133287339064336,"rmse_y":0.0715122430252297}]
x_ =  6.57681
0.744203
 5.06476
0.249697
P_ =   0.00376175 -0.000367474   0.00519333  -0.00189587
-0.000367474   0.00725234  -0.00158627    0.0221526
  0.00519333  -0.00158627    0.0448513  -0.00967751
 -0.00189587    0.0221526  -0.00967751     0.137668
42["estimate_marker",{"estimate_x":6.57681376720585,"estimate_y":0.744203439825412,"rmse_vx":1.53157158633846,"rmse_vy":0.899409160527192,"rmse_x":0.130520370666516,"rmse_y":0.0706979550892105}]
x_ =  6.82284
0.744436
 5.05309
0.214011
P_ =   0.00367846 -0.000329419   0.00666045  -0.00155734
-0.000329419   0.00683339  -0.00132432    0.0205744
  0.00666045  -0.00132432    0.0648617  -0.00723092
 -0.00155734    0.0205744  -0.00723092     0.132938
42["estimate_marker",{"estimate_x":6.82284387097485,"estimate_y":0.744435945426318,"rmse_vx":1.50071593347804,"rmse_vy":0.88350045896722,"rmse_x":0.127886871521153,"rmse_y":0.0708143367198075}]
x_ =  7.06415
0.730171
  4.8782
 0.12461
P_ =   0.00375186 -0.000398158   0.00520277  -0.00192373
-0.000398158   0.00767527   -0.0016766    0.0230537
  0.00520277   -0.0016766    0.0448417  -0.00983252
 -0.00192373    0.0230537  -0.00983252     0.140938
42["estimate_marker",{"estimate_x":7.06414809659131,"estimate_y":0.730171489289746,"rmse_vx":1.47238078894337,"rmse_vy":0.870800276652495,"rmse_x":0.125420438568408,"rmse_y":0.0730346241758794}]
x_ =  7.27681
0.808519
 4.81423
0.342227
P_ =   0.00367137 -0.000345513   0.00666748  -0.00155037
-0.000345513   0.00708131  -0.00136287    0.0209755
  0.00666748  -0.00136287    0.0648376  -0.00725945
 -0.00155037    0.0209755  -0.00725945     0.134686
42["estimate_marker",{"estimate_x":7.27681236213464,"estimate_y":0.808519260692977,"rmse_vx":1.44604332710424,"rmse_vy":0.856170199866284,"rmse_x":0.123515368596452,"rmse_y":0.0728150432230797}]
x_ =  7.57715
0.822484
 5.15903
0.350038
P_ =   0.00374902 -0.000437962   0.00522707  -0.00201079
-0.000437962   0.00803311  -0.00185871    0.0237915
  0.00522707  -0.00185871    0.0449406    -0.010475
 -0.00201079    0.0237915    -0.010475     0.143569
42["estimate_marker",{"estimate_x":7.57715297158187,"estimate_y":0.822484225802544,"rmse_vx":1.42001726648834,"rmse_vy":0.842840552749993,"rmse_x":0.121303058255025,"rmse_y":0.0732836731423819}]
x_ =  7.83225
0.801356
 5.15813
0.237829
P_ =    0.0036699 -0.000372031   0.00668639  -0.00159976
-0.000372031   0.00728321  -0.00147837    0.0212835
  0.00668639  -0.00147837    0.0648958  -0.00764992
 -0.00159976    0.0212835  -0.00764992     0.136061
42["estimate_marker",{"estimate_x":7.83224722049504,"estimate_y":0.8013562165249,"rmse_vx":1.39536167018451,"rmse_vy":0.832858158474167,"rmse_x":0.119207022031973,"rmse_y":0.0765917445617737}]
x_ =  8.08009
0.818376
 4.97765
0.238273
P_ =   0.00374611 -0.000463415   0.00521996  -0.00202067
-0.000463415   0.00838381  -0.00182956    0.0245707
  0.00521996  -0.00182956     0.044832   -0.0100938
 -0.00202067    0.0245707   -0.0100938     0.146363
42["estimate_marker",{"estimate_x":8.08008816527002,"estimate_y":0.818375901215851,"rmse_vx":1.37205937145367,"rmse_vy":0.824421609294601,"rmse_x":0.117243107739464,"rmse_y":0.0807971012631158}]
x_ =   8.3156
0.834994
 4.95297
0.253549
P_ =   0.00366664 -0.000380434   0.00667698  -0.00156513
-0.000380434   0.00747935  -0.00142264    0.0216213
  0.00667698  -0.00142264    0.0648033  -0.00729255
 -0.00156513    0.0216213  -0.00729255     0.137504
42["estimate_marker",{"estimate_x":8.31559913011965,"estimate_y":0.834994214279723,"rmse_vx":1.34993374025448,"rmse_vy":0.817212799735034,"rmse_x":0.115512265234813,"rmse_y":0.0860210501382186}]
x_ =  8.58966
 0.92518
 5.23507
0.498549
P_ =  0.00374435 -0.00048356   0.0052181 -0.00202659
-0.00048356  0.00868866 -0.00185099   0.0252231
  0.0052181 -0.00185099   0.0448011  -0.0100548
-0.00202659   0.0252231  -0.0100548    0.148611
42["estimate_marker",{"estimate_x":8.58965531767617,"estimate_y":0.92517988740285,"rmse_vx":1.32901223870478,"rmse_vy":0.806950117381968,"rmse_x":0.113724254176995,"rmse_y":0.087962016607724}]
x_ =  8.83257
0.985378
 5.19765
0.601561
P_ =  0.00366472 -0.00038811  0.00667368 -0.00154441
-0.00038811  0.00764446 -0.00141569   0.0218872
 0.00667368 -0.00141569    0.064774 -0.00721462
-0.00154441   0.0218872 -0.00721462    0.138626
42["estimate_marker",{"estimate_x":8.83256525388455,"estimate_y":0.985378170328776,"rmse_vx":1.30896583697464,"rmse_vy":0.796549043172791,"rmse_x":0.112073704657726,"rmse_y":0.0890759752485688}]
x_ =  9.12498
 1.02382
  5.2447
0.620209
P_ =   0.00375005 -0.000533851   0.00526252  -0.00218837
-0.000533851   0.00896512  -0.00217185    0.0257856
  0.00526252  -0.00217185    0.0450618   -0.0114315
 -0.00218837    0.0257856   -0.0114315      0.15037
42["estimate_marker",{"estimate_x":9.12498429045367,"estimate_y":1.02381911866481,"rmse_vx":1.29005988519696,"rmse_vy":0.787093003237921,"rmse_x":0.110442761857635,"rmse_y":0.0904711242856199}]
x_ =  9.36589
 1.05535
 5.20593
0.624352
P_ =   0.00367003 -0.000426782   0.00670843  -0.00166738
-0.000426782   0.00778815  -0.00164059    0.0220917
  0.00670843  -0.00164059    0.0649533   -0.0081392
 -0.00166738    0.0220917   -0.0081392     0.139414
42["estimate_marker",{"estimate_x":9.36588925766071,"estimate_y":1.05534939143621,"rmse_vx":1.27187363804592,"rmse_vy":0.778803824748761,"rmse_x":0.108855858803294,"rmse_y":0.0925610923144431}]
x_ =  9.64723
 1.12928
 5.25582
0.745225
P_ =   0.00375712 -0.000585614   0.00529327   -0.0023384
-0.000585614   0.00921596   -0.0023597    0.0263058
  0.00529327   -0.0023597     0.045187   -0.0121033
  -0.0023384    0.0263058   -0.0121033      0.15205
42["estimate_marker",{"estimate_x":9.64722887913345,"estimate_y":1.12928458252077,"rmse_vx":1.25477218389996,"rmse_vy":0.770042073897399,"rmse_x":0.107488841254316,"rmse_y":0.0936496086381961}]
x_ =  9.9269
1.26203
 5.2754
1.01115
P_ =   0.00367515 -0.000461008   0.00672885  -0.00175649
-0.000461008   0.00791648  -0.00175542    0.0222822
  0.00672885  -0.00175542    0.0650288  -0.00853366
 -0.00175649    0.0222822  -0.00853366     0.140183
42["estimate_marker",{"estimate_x":9.92689576487655,"estimate_y":1.26202713183486,"rmse_vx":1.23859347620785,"rmse_vy":0.759897625129037,"rmse_x":0.106552839035736,"rmse_y":0.0927281527253267}]
x_ = 10.1723
1.34414
5.01771
1.07333
P_ =    0.0037726 -0.000668703   0.00537217  -0.00262104
-0.000668703   0.00943944  -0.00279428    0.0267325
  0.00537217  -0.00279428    0.0456088   -0.0139306
 -0.00262104    0.0267325   -0.0139306     0.153246
42["estimate_marker",{"estimate_x":10.1722586922295,"estimate_y":1.34413661838369,"rmse_vx":1.22221129364921,"rmse_vy":0.750152412379875,"rmse_x":0.105600181259636,"rmse_y":0.0915968855541855}]
x_ = 10.3932
 1.4237
4.95965
1.14951
P_ =   0.00368784 -0.000523527    0.0067874  -0.00196043
-0.000523527   0.00802522  -0.00205457    0.0224117
   0.0067874  -0.00205457    0.0653118  -0.00973772
 -0.00196043    0.0224117  -0.00973772     0.140637
42["estimate_marker",{"estimate_x":10.3932118567577,"estimate_y":1.4237016537192,"rmse_vx":1.20644094882614,"rmse_vy":0.740724372106405,"rmse_x":0.104374837984346,"rmse_y":0.0904249438087744}]
x_ = 10.6232
1.49403
4.72569
1.15921
P_ =   0.00379248 -0.000761095   0.00545642   -0.0029235
-0.000761095   0.00961875  -0.00317738     0.027053
  0.00545642  -0.00317738    0.0460117    -0.015492
  -0.0029235     0.027053    -0.015492     0.154145
42["estimate_marker",{"estimate_x":10.6231900285833,"estimate_y":1.49402552333391,"rmse_vx":1.19170351836383,"rmse_vy":0.731922587247674,"rmse_x":0.103093957276952,"rmse_y":0.0892888939493554}]
x_ =  10.841
1.51955
4.69687
1.07223
P_ =   0.00370305 -0.000589611   0.00684672  -0.00216383
-0.000589611   0.00810899  -0.00230968    0.0224955
  0.00684672  -0.00230968    0.0655744   -0.0107407
 -0.00216383    0.0224955   -0.0107407     0.140973
42["estimate_marker",{"estimate_x":10.8409760844293,"estimate_y":1.51954640065544,"rmse_vx":1.17754228368383,"rmse_vy":0.724718748455071,"rmse_x":0.101846237386738,"rmse_y":0.0884846281118272}]
x_ = 11.1124
1.56198
4.88905
1.05382
P_ =   0.00380962 -0.000836806   0.00550677  -0.00313932
-0.000836806   0.00977025  -0.00335957    0.0273433
  0.00550677  -0.00335957    0.0461931    -0.016194
 -0.00313932    0.0273433    -0.016194     0.155077
42["estimate_marker",{"estimate_x":11.1123831334271,"estimate_y":1.56197912121369,"rmse_vx":1.16343969342963,"rmse_vy":0.718805768691056,"rmse_x":0.10065128966864,"rmse_y":0.0881878927151915}]
x_ = 11.3948
1.60813
4.95939
1.03039
P_ =   0.00371453 -0.000637868   0.00687745  -0.00228613
-0.000637868   0.00818005  -0.00241596    0.0225834
  0.00687745  -0.00241596    0.0656843   -0.0111579
 -0.00228613    0.0225834   -0.0111579     0.141384
42["estimate_marker",{"estimate_x":11.3948280412436,"estimate_y":1.60812925871682,"rmse_vx":1.14993269456053,"rmse_vy":0.714445106879829,"rmse_x":0.0998045547526883,"rmse_y":0.0885785088294669}]
x_ =  11.6263
 1.64921
 4.86316
0.993818
P_ =   0.00382169 -0.000892109   0.00552855  -0.00326964
-0.000892109   0.00992294  -0.00342394     0.027671
  0.00552855  -0.00342394     0.046241   -0.0164387
 -0.00326964     0.027671   -0.0164387     0.156155
42["estimate_marker",{"estimate_x":11.6262769146771,"estimate_y":1.64920861062382,"rmse_vx":1.13679919193604,"rmse_vy":0.712080862437844,"rmse_x":0.098869243589887,"rmse_y":0.0900991426310593}]
x_ =  11.853
1.71884
4.83032
1.05068
P_ =   0.00372152 -0.000668895   0.00688699  -0.00234337
-0.000668895   0.00825347  -0.00243859    0.0226989
  0.00688699  -0.00243859    0.0657087   -0.0112801
 -0.00234337    0.0226989   -0.0112801     0.141869
42["estimate_marker",{"estimate_x":11.8530416723907,"estimate_y":1.71883813767153,"rmse_vx":1.12410330678887,"rmse_vy":0.710028920654674,"rmse_x":0.0978531503414557,"rmse_y":0.0919509405752572}]
x_ = 12.1137
1.80258
4.99073
1.15404
P_ =   0.00383188 -0.000937809   0.00555396  -0.00337822
-0.000937809    0.0100538  -0.00352337    0.0279358
  0.00555396  -0.00352337    0.0463565   -0.0168898
 -0.00337822    0.0279358   -0.0168898     0.156963
42["estimate_marker",{"estimate_x":12.1137280377213,"estimate_y":1.80257729564271,"rmse_vx":1.1122684275616,"rmse_vy":0.707433029416368,"rmse_x":0.0970527234861387,"rmse_y":0.0937310175846447}]
x_ = 12.3589
1.83318
4.98675
1.08066
P_ =   0.00372783 -0.000695737   0.00690182  -0.00239919
-0.000695737   0.00831489  -0.00249291     0.022784
  0.00690182  -0.00249291    0.0657853   -0.0115674
 -0.00239919     0.022784   -0.0115674     0.142207
42["estimate_marker",{"estimate_x":12.3588985055395,"estimate_y":1.83317538412957,"rmse_vx":1.10093669060705,"rmse_vy":0.707745842231467,"rmse_x":0.0963616420416225,"rmse_y":0.0977324442974809}]
x_ = 12.6185
 1.8819
5.09365
1.07794
P_ =   0.00384085 -0.000977729   0.00557848  -0.00347751
-0.000977729    0.0101756  -0.00362151    0.0281842
  0.00557848  -0.00362151    0.0464744    -0.017338
 -0.00347751    0.0281842    -0.017338     0.157705
42["estimate_marker",{"estimate_x":12.6185330017667,"estimate_y":1.88189664916278,"rmse_vx":1.09079586540801,"rmse_vy":0.709683252656344,"rmse_x":0.0960335534984645,"rmse_y":0.103469500883564}]
x_ =  12.819
2.03381
4.98023
1.35171
P_ =   0.00373346 -0.000719264   0.00691665  -0.00245251
-0.000719264   0.00837166  -0.00254779    0.0228633
  0.00691665  -0.00254779    0.0658641   -0.0118545
 -0.00245251    0.0228633   -0.0118545     0.142508
42["estimate_marker",{"estimate_x":12.8189710604346,"estimate_y":2.03380692984738,"rmse_vx":1.08046849276708,"rmse_vy":0.70749673475537,"rmse_x":0.0952622690083422,"rmse_y":0.106260386579414}]
x_ = 13.0899
2.14095
5.12905
1.47647
P_ =  0.00385643 -0.00103597  0.00564881 -0.00366463
-0.00103597   0.0102747 -0.00390544   0.0283479
 0.00564881 -0.00390544   0.0468586  -0.0185794
-0.00366463   0.0283479  -0.0185794     0.15805
42["estimate_marker",{"estimate_x":13.0899119703232,"estimate_y":2.14095109030986,"rmse_vx":1.07181947643468,"rmse_vy":0.704545505594233,"rmse_x":0.0950228132417031,"rmse_y":0.108584503163557}]
x_ = 13.2968
2.29544
5.02548
1.70186
P_ =   0.00374532 -0.000760694   0.00696687  -0.00258436
-0.000760694   0.00841394  -0.00273736    0.0228913
  0.00696687  -0.00273736    0.0661218   -0.0126784
 -0.00258436    0.0228913   -0.0126784     0.142569
42["estimate_marker",{"estimate_x":13.2967641776273,"estimate_y":2.29544159361399,"rmse_vx":1.06289150483667,"rmse_vy":0.699715936424489,"rmse_x":0.0944362960050426,"rmse_y":0.109253462782108}]
x_ = 13.4717
2.42145
4.61151
 1.7769
P_ =  0.00388216  -0.0011206  0.00576673 -0.00395563
 -0.0011206   0.0103532 -0.00432725    0.028442
 0.00576673 -0.00432725   0.0474729  -0.0203736
-0.00395563    0.028442  -0.0203736    0.158092
42["estimate_marker",{"estimate_x":13.4717031640545,"estimate_y":2.42145230507755,"rmse_vx":1.05264099497169,"rmse_vy":0.695022455473582,"rmse_x":0.0935251375578527,"rmse_y":0.109449349446957}]
x_ = 13.7205
2.54837
4.63803
1.87673
P_ =   0.00376522 -0.000822767   0.00705102  -0.00279222
-0.000822767   0.00844293  -0.00302167    0.0228774
  0.00705102  -0.00302167    0.0665277    -0.013858
 -0.00279222    0.0228774    -0.013858     0.142447
42["estimate_marker",{"estimate_x":13.7204641066436,"estimate_y":2.54837215242911,"rmse_vx":1.04277978055379,"rmse_vy":0.690211111895246,"rmse_x":0.0927019629885563,"rmse_y":0.109316222783742}]
x_ = 13.9416
 2.6467
4.58113
1.88359
P_ =  0.00391534 -0.00121951  0.00590333 -0.00428888
-0.00121951   0.0104101 -0.00474603   0.0284864
 0.00590333 -0.00474603   0.0481337  -0.0221308
-0.00428888   0.0284864  -0.0221308    0.157997
42["estimate_marker",{"estimate_x":13.9416070647874,"estimate_y":2.64669588687876,"rmse_vx":1.03316832255672,"rmse_vy":0.686263508705613,"rmse_x":0.0918832815187695,"rmse_y":0.109475306963554}]
x_ = 14.1694
2.81494
 4.5643
2.08247
P_ =   0.00378995 -0.000893183   0.00714568  -0.00301984
-0.000893183   0.00846012  -0.00329976    0.0228417
  0.00714568  -0.00329976    0.0669576   -0.0149985
 -0.00301984    0.0228417   -0.0149985     0.142263
42["estimate_marker",{"estimate_x":14.1693962612664,"estimate_y":2.81493501662498,"rmse_vx":1.02387767306426,"rmse_vy":0.681226843435263,"rmse_x":0.0911092865843138,"rmse_y":0.108849444943294}]
x_ =  14.423
2.92158
4.73886
2.11207
P_ =  0.00395411 -0.00132584   0.0060507 -0.00463497
-0.00132584   0.0104555 -0.00514504   0.0285126
  0.0060507 -0.00514504   0.0488189  -0.0238083
-0.00463497   0.0285126  -0.0238083    0.157851
42["estimate_marker",{"estimate_x":14.4229917851445,"estimate_y":2.92158459644661,"rmse_vx":1.01576662205993,"rmse_vy":0.676725232783579,"rmse_x":0.0906284463912727,"rmse_y":0.108420831882019}]
x_ = 14.6314
2.99059
4.69396
2.01926
P_ =     0.003818 -0.000966899    0.0072455  -0.00324826
-0.000966899   0.00847114   -0.0035611    0.0227992
   0.0072455   -0.0035611    0.0674005   -0.0160815
 -0.00324826    0.0227992   -0.0160815     0.142051
42["estimate_marker",{"estimate_x":14.6314314099995,"estimate_y":2.99058868500674,"rmse_vx":1.00790198426651,"rmse_vy":0.674248383623952,"rmse_x":0.0900586982341633,"rmse_y":0.108996442373566}]
x_ = 14.8655
3.13917
4.73838
2.16036
P_ =  0.00398686 -0.00141249  0.00614256 -0.00489056
-0.00141249   0.0105047 -0.00533922   0.0285962
 0.00614256 -0.00533922   0.0491656  -0.0246465
-0.00489056   0.0285962  -0.0246465    0.158041
42["estimate_marker",{"estimate_x":14.8655138312422,"estimate_y":3.13916590848078,"rmse_vx":1.00090682104107,"rmse_vy":0.671031220836519,"rmse_x":0.0897064070810957,"rmse_y":0.109150918088761}]
x_ = 15.0776
3.34855
 4.6712
2.43489
P_ =  0.00383943 -0.00102147  0.00730136 -0.00339556
-0.00102147  0.00848762 -0.00367657   0.0228024
 0.00730136 -0.00367657   0.0676182  -0.0166037
-0.00339556   0.0228024  -0.0166037    0.142058
42["estimate_marker",{"estimate_x":15.0776221082691,"estimate_y":3.34854741194581,"rmse_vx":0.993993686318651,"rmse_vy":0.666129478131695,"rmse_x":0.0893498072302269,"rmse_y":0.108352076591855}]
x_ = 15.2903
 3.4953
4.46156
2.46692
P_ =  0.00403005  -0.0015161   0.0063125 -0.00521892
 -0.0015161   0.0105338 -0.00576165   0.0285713
  0.0063125 -0.00576165   0.0500252  -0.0265008
-0.00521892   0.0285713  -0.0265008    0.157606
42["estimate_marker",{"estimate_x":15.2902681393193,"estimate_y":3.49530063343628,"rmse_vx":0.986333162813576,"rmse_vy":0.661656275260456,"rmse_x":0.0890290705101793,"rmse_y":0.107516688145538}]
x_ = 15.5049
3.69765
4.42786
2.67816
P_ =  0.00387093 -0.00109385  0.00741864 -0.00361866
-0.00109385   0.0084891  -0.0039571   0.0227308
 0.00741864  -0.0039571   0.0681873  -0.0178335
-0.00361866   0.0227308  -0.0178335     0.14166
42["estimate_marker",{"estimate_x":15.5048574461764,"estimate_y":3.69765299897341,"rmse_vx":0.978979568843206,"rmse_vy":0.656529068751575,"rmse_x":0.0888063169339541,"rmse_y":0.106710123047947}]
x_ = 15.7189
3.80916
4.36549
2.60561
P_ =  0.00408214  -0.0016305  0.00651456 -0.00558601
 -0.0016305   0.0105465 -0.00621382   0.0284986
 0.00651456 -0.00621382   0.0510081  -0.0284471
-0.00558601   0.0284986  -0.0284471    0.157009
42["estimate_marker",{"estimate_x":15.7188706433442,"estimate_y":3.80915527427707,"rmse_vx":0.971793216796271,"rmse_vy":0.652383176845641,"rmse_x":0.0887205364951393,"rmse_y":0.105846072478085}]
x_ = 15.9409
3.96052
4.36739
2.66055
P_ =  0.00390873 -0.00117357  0.00755668 -0.00386561
-0.00117357  0.00848078 -0.00425577   0.0226332
 0.00755668 -0.00425577   0.0688304  -0.0191117
-0.00386561   0.0226332  -0.0191117    0.141175
42["estimate_marker",{"estimate_x":15.9409372421436,"estimate_y":3.96051627831352,"rmse_vx":0.96512604999518,"rmse_vy":0.648499764250212,"rmse_x":0.0889737023609021,"rmse_y":0.105003502804436}]
x_ = 16.1413
4.09001
4.15297
2.60678
P_ =  0.00413115 -0.00173256   0.0066708 -0.00589789
-0.00173256   0.0105609 -0.00650265   0.0284769
  0.0066708 -0.00650265   0.0516761  -0.0297116
-0.00589789   0.0284769  -0.0297116    0.156749
42["estimate_marker",{"estimate_x":16.1412741185657,"estimate_y":4.09001321083862,"rmse_vx":0.957917637335146,"rmse_vy":0.645934536596097,"rmse_x":0.0892461461283756,"rmse_y":0.104205680650519}]
x_ = 16.3334
4.30595
4.10266
2.83538
P_ =  0.00394197 -0.00124022  0.00765684 -0.00405722
-0.00124022  0.00847642  -0.0044377   0.0225772
 0.00765684  -0.0044377   0.0692598  -0.0199257
-0.00405722   0.0225772  -0.0199257    0.140914
42["estimate_marker",{"estimate_x":16.3334475628535,"estimate_y":4.30595383689327,"rmse_vx":0.950931883133144,"rmse_vy":0.642039113363104,"rmse_x":0.0894485589992824,"rmse_y":0.103534160998629}]
x_ =  16.549
 4.4497
4.12795
2.84016
P_ =  0.00418468 -0.00183593  0.00685909 -0.00621621
-0.00183593   0.0105622 -0.00685569   0.0283988
 0.00685909 -0.00685569   0.0525689  -0.0312773
-0.00621621   0.0283988  -0.0312773    0.156181
42["estimate_marker",{"estimate_x":16.5490350789657,"estimate_y":4.4497044688107,"rmse_vx":0.944513252587399,"rmse_vy":0.638790430043398,"rmse_x":0.0900895238489819,"rmse_y":0.102801673048886}]
x_ = 16.7239
4.63127
4.05859
2.95054
P_ =  0.00397943 -0.00130984  0.00778241 -0.00426348
-0.00130984   0.0084636 -0.00466739   0.0224859
 0.00778241 -0.00466739   0.0698462  -0.0209586
-0.00426348   0.0224859  -0.0209586     0.14046
42["estimate_marker",{"estimate_x":16.7238761472667,"estimate_y":4.63127477684826,"rmse_vx":0.938245779398079,"rmse_vy":0.635315917075903,"rmse_x":0.0904350956601507,"rmse_y":0.102188796610291}]
x_ = 16.8852
4.77533
3.68425
2.86305
P_ =  0.00423957 -0.00193554   0.0070456 -0.00652204
-0.00193554   0.0105579 -0.00717607    0.028316
  0.0070456 -0.00717607   0.0534335  -0.0327091
-0.00652204    0.028316  -0.0327091    0.155627
42["estimate_marker",{"estimate_x":16.8851530913094,"estimate_y":4.77533264193786,"rmse_vx":0.931323404307745,"rmse_vy":0.633466133882242,"rmse_x":0.0903835853498244,"rmse_y":0.101477446926941}]
x_ = 17.0383
5.03284
3.59492
3.16884
P_ =  0.00401737 -0.00137615  0.00790539 -0.00445878
-0.00137615  0.00844844 -0.00487419   0.0223957
 0.00790539 -0.00487419   0.0704128  -0.0219013
-0.00445878   0.0223957  -0.0219013    0.140021
42["estimate_marker",{"estimate_x":17.0382794645797,"estimate_y":5.03283821023681,"rmse_vx":0.924550057853897,"rmse_vy":0.629638271700348,"rmse_x":0.0900005975971504,"rmse_y":0.101638868102772}]
x_ = 17.2166
5.16762
3.55428
 3.0924
P_ =  0.00430488 -0.00204425  0.00729234 -0.00686424
-0.00204425   0.0105331 -0.00759671   0.0281453
 0.00729234 -0.00759671   0.0546433  -0.0345522
-0.00686424   0.0281453  -0.0345522    0.154643
42["estimate_marker",{"estimate_x":17.2165779633412,"estimate_y":5.16761906151926,"rmse_vx":0.917932636832796,"rmse_vy":0.627020846600021,"rmse_x":0.0896306998326733,"rmse_y":0.101292268213606}]
x_ =  17.368
5.37136
3.49074
3.22618
P_ =  0.00406418 -0.00145137   0.0080732 -0.00468933
-0.00145137  0.00841957 -0.00515221   0.0222498
  0.0080732 -0.00515221   0.0712094  -0.0231251
-0.00468933   0.0222498  -0.0231251    0.139318
42["estimate_marker",{"estimate_x":17.368048398779,"estimate_y":5.37135529517692,"rmse_vx":0.911465603505136,"rmse_vy":0.623927449878787,"rmse_x":0.089100708692304,"rmse_y":0.101279958302714}]
x_ = 17.5342
5.49819
3.40002
3.10924
P_ =  0.00437106 -0.00214805  0.00751726 -0.00718737
-0.00214805   0.0105066 -0.00792947   0.0280028
 0.00751726 -0.00792947   0.0556672  -0.0360282
-0.00718737   0.0280028  -0.0360282    0.153875
42["estimate_marker",{"estimate_x":17.5341873261027,"estimate_y":5.49818549715797,"rmse_vx":0.90512671634805,"rmse_vy":0.6227229015433,"rmse_x":0.0885614190800228,"rmse_y":0.100725946468189}]
x_ =  17.721
5.63739
3.43654
3.06318
P_ =  0.00410992 -0.00152073  0.00822114 -0.00489618
-0.00152073  0.00839164 -0.00536742   0.0221283
 0.00822114 -0.00536742   0.0718767  -0.0240942
-0.00489618   0.0221283  -0.0240942    0.138759
42["estimate_marker",{"estimate_x":17.720955001643,"estimate_y":5.63739185257092,"rmse_vx":0.899101308992678,"rmse_vy":0.623025497859277,"rmse_x":0.088171595513406,"rmse_y":0.100034036384294}]
x_ = 17.8763
5.79302
 3.2741
   3.03
P_ =   0.0044265  -0.0022323   0.0076697  -0.0074398
 -0.0022323   0.0104917 -0.00810934   0.0279399
  0.0076697 -0.00810934   0.0562891  -0.0369118
 -0.0074398   0.0279399  -0.0369118    0.153526
42["estimate_marker",{"estimate_x":17.8763376442954,"estimate_y":5.79302340475819,"rmse_vx":0.893057240687917,"rmse_vy":0.624825809206466,"rmse_x":0.0877415372292599,"rmse_y":0.0994137623038641}]
x_ = 18.0402
6.02235
3.25112
3.23162
P_ =  0.00414585 -0.00157351  0.00831501 -0.00504434
-0.00157351  0.00837393 -0.00547742   0.0220645
 0.00831501 -0.00547742   0.0722833   -0.024673
-0.00504434   0.0220645   -0.024673    0.138465
42["estimate_marker",{"estimate_x":18.0401767952085,"estimate_y":6.02235110194553,"rmse_vx":0.88724503579981,"rmse_vy":0.624612910102603,"rmse_x":0.0873692945662851,"rmse_y":0.0987550864546979}]
x_ = 18.1993
 6.2038
3.22177
3.27875
P_ =  0.00448662 -0.00231792  0.00787655 -0.00770132
-0.00231792   0.0104663 -0.00839666   0.0278032
 0.00787655 -0.00839666    0.057301   -0.038242
-0.00770132   0.0278032   -0.038242    0.152716
42["estimate_marker",{"estimate_x":18.1993247119501,"estimate_y":6.20379811050785,"rmse_vx":0.881706370459022,"rmse_vy":0.624629435689011,"rmse_x":0.0870567292666681,"rmse_y":0.0981036880414807}]
x_ = 18.3123
6.48712
3.09375
3.59856
P_ =  0.00418746  -0.0016307  0.00845317 -0.00521504
 -0.0016307  0.00834772 -0.00566483   0.0219478
 0.00845317 -0.00566483   0.0729586  -0.0255661
-0.00521504   0.0219478  -0.0255661    0.137869
42["estimate_marker",{"estimate_x":18.3123349342734,"estimate_y":6.48711549004088,"rmse_vx":0.876175351174876,"rmse_vy":0.621983019278536,"rmse_x":0.086531115985453,"rmse_y":0.097931300154172}]
x_ = 18.4527
6.67218
2.97101
 3.5805
P_ =  0.00456264  -0.0024176  0.00817435 -0.00801631
 -0.0024176   0.0104183 -0.00881274   0.0275558
 0.00817435 -0.00881274   0.0587975  -0.0400553
-0.00801631   0.0275558  -0.0400553    0.151363
42["estimate_marker",{"estimate_x":18.4527214751245,"estimate_y":6.67217614677575,"rmse_vx":0.870685206676403,"rmse_vy":0.620065248713457,"rmse_x":0.0860043149570639,"rmse_y":0.0976132515179077}]
x_ =  18.597
6.82205
2.97232
 3.5067
P_ =  0.00424245 -0.00170049  0.00865763 -0.00543285
-0.00170049    0.008305 -0.00594089    0.021757
 0.00865763 -0.00594089   0.0739488  -0.0267775
-0.00543285    0.021757  -0.0267775    0.136936
42["estimate_marker",{"estimate_x":18.5970125569108,"estimate_y":6.82205206365846,"rmse_vx":0.865566824109943,"rmse_vy":0.61959758509526,"rmse_x":0.0855045704404351,"rmse_y":0.0970095124916219}]
x_ = 18.7541
 7.0081
 3.0187
3.54534
P_ =  0.00463545 -0.00250897  0.00841157 -0.00830454
-0.00250897    0.010376 -0.00908202   0.0273851
 0.00841157 -0.00908202   0.0598484  -0.0412793
-0.00830454   0.0273851  -0.0412793    0.150518
42["estimate_marker",{"estimate_x":18.7540746183051,"estimate_y":7.00810067847406,"rmse_vx":0.861191076636801,"rmse_vy":0.619373213869996,"rmse_x":0.0851354407389585,"rmse_y":0.0964024763132738}]
x_ = 18.9508
7.16595
3.11286
3.48382
P_ =  0.00429196 -0.00176063  0.00881166 -0.00561487
-0.00176063  0.00826917 -0.00611325    0.021625
 0.00881166 -0.00611325   0.0746336  -0.0275806
-0.00561487    0.021625  -0.0275806    0.136337
42["estimate_marker",{"estimate_x":18.9507710596869,"estimate_y":7.16595062799928,"rmse_vx":0.858231045771641,"rmse_vy":0.620703051379838,"rmse_x":0.0855653920393357,"rmse_y":0.0960021398161767}]
x_ = 19.0517
7.32431
2.78808
3.36875
P_ =  0.00470058 -0.00258826  0.00860196 -0.00854968
-0.00258826   0.0103438 -0.00927145   0.0272688
 0.00860196 -0.00927145   0.0606697   -0.042211
-0.00854968   0.0272688   -0.042211    0.149914
42["estimate_marker",{"estimate_x":19.0516859025686,"estimate_y":7.32431066545065,"rmse_vx":0.85385916358173,"rmse_vy":0.624662823464004,"rmse_x":0.0856377088231543,"rmse_y":0.0961646137369038}]
x_ = 19.1267
7.64476
2.61353
3.77401
P_ =  0.00433474 -0.00181092  0.00893187 -0.00576318
-0.00181092  0.00824113 -0.00623134   0.0215297
 0.00893187 -0.00623134   0.0751752  -0.0281955
-0.00576318   0.0215297  -0.0281955     0.13588
42["estimate_marker",{"estimate_x":19.1266577272904,"estimate_y":7.64475903103514,"rmse_vx":0.84925228983992,"rmse_vy":0.623667375413646,"rmse_x":0.085275834321564,"rmse_y":0.0955839038064941}]
x_ =  19.256
7.82717
2.59334
3.74981
P_ =  0.00478254 -0.00267903  0.00891719 -0.00883062
-0.00267903   0.0102831 -0.00964429   0.0269884
 0.00891719 -0.00964429   0.0622594  -0.0438417
-0.00883062   0.0269884  -0.0438417    0.148415
42["estimate_marker",{"estimate_x":19.2559626604023,"estimate_y":7.82716925099945,"rmse_vx":0.845115032006316,"rmse_vy":0.623510686146392,"rmse_x":0.0850367718808883,"rmse_y":0.095098068908471}]
x_ = 19.3266
8.07721
2.45746
3.92479
P_ =   0.0043936 -0.00187409   0.0091478 -0.00595741
-0.00187409  0.00819139 -0.00647833   0.0213217
  0.0091478 -0.00647833   0.0762317   -0.029291
-0.00595741   0.0213217   -0.029291    0.134857
42["estimate_marker",{"estimate_x":19.3266291791285,"estimate_y":8.07720983070143,"rmse_vx":0.840913524869066,"rmse_vy":0.622047908090892,"rmse_x":0.0845747141569376,"rmse_y":0.0945393173941398}]
x_ = 19.4313
8.26782
2.42319
3.91533
P_ =  0.00487301 -0.00277303  0.00924576 -0.00912579
-0.00277303    0.010213 -0.00998893   0.0266988
 0.00924576 -0.00998893   0.0638164  -0.0453404
-0.00912579   0.0266988  -0.0453404    0.146978
42["estimate_marker",{"estimate_x":19.4312932784225,"estimate_y":8.26782414294394,"rmse_vx":0.837173341564223,"rmse_vy":0.621147192654509,"rmse_x":0.0841250238327301,"rmse_y":0.0940733896344288}]
x_ = 19.5252
8.42481
2.38419
3.82498
P_ =   0.0044573  -0.0019383  0.00936812 -0.00615432
 -0.0019383  0.00813664 -0.00670403   0.0211127
 0.00936812 -0.00670403   0.0772524  -0.0302845
-0.00615432   0.0211127  -0.0302845    0.133886
42["estimate_marker",{"estimate_x":19.5252085438725,"estimate_y":8.42481046067658,"rmse_vx":0.833939923476286,"rmse_vy":0.62177036869831,"rmse_x":0.0836704157629692,"rmse_y":0.0941945099826884}]
x_ = 19.6283
8.59919
 2.2416
3.73347
P_ =  0.00495727 -0.00285687  0.00950906 -0.00938944
-0.00285687   0.0101512  -0.0102159   0.0264859
 0.00950906  -0.0102159   0.0649648  -0.0464044
-0.00938944   0.0264859  -0.0464044    0.145987
42["estimate_marker",{"estimate_x":19.6283092242678,"estimate_y":8.59918707993367,"rmse_vx":0.830572695216843,"rmse_vy":0.624170707333178,"rmse_x":0.0832620866379359,"rmse_y":0.0951181779671291}]
x_ =  19.784
8.80018
2.32141
3.75705
P_ =  0.00451384 -0.00199283  0.00953732 -0.00631833
-0.00199283  0.00809011 -0.00684887   0.0209605
 0.00953732 -0.00684887   0.0780029  -0.0309856
-0.00631833   0.0209605  -0.0309856    0.133201
42["estimate_marker",{"estimate_x":19.783972651249,"estimate_y":8.80018373520725,"rmse_vx":0.828701002252877,"rmse_vy":0.626732065538058,"rmse_x":0.0834758438575698,"rmse_y":0.0965470850641665}]
x_ = 19.8703
8.98881
2.10995
3.69708
P_ =  0.00503432 -0.00293071  0.00973889 -0.00961837
-0.00293071   0.0100976   -0.010399   0.0263091
 0.00973889   -0.010399   0.0659839  -0.0473137
-0.00961837   0.0263091  -0.0473137    0.145121
42["estimate_marker",{"estimate_x":19.8702731549014,"estimate_y":8.98880898583566,"rmse_vx":0.826095524248824,"rmse_vy":0.630704544814409,"rmse_x":0.0837557855733406,"rmse_y":0.0988732976158469}]
x_ = 19.9867
9.25945
2.09964
3.90958
P_ =  0.00456479    -0.00204  0.00968398  -0.0064585
   -0.00204  0.00804962 -0.00696484   0.0208316
 0.00968398 -0.00696484    0.078679  -0.0315916
 -0.0064585   0.0208316  -0.0315916    0.132584
42["estimate_marker",{"estimate_x":19.9867007520843,"estimate_y":9.25945362422395,"rmse_vx":0.824388037516141,"rmse_vy":0.631996892867258,"rmse_x":0.0847054721233862,"rmse_y":0.100226363706819}]
x_ = 20.0468
9.44354
1.81269
 3.7961
P_ =  0.00511844 -0.00300596   0.0100322 -0.00984731
-0.00300596   0.0100329  -0.0106596   0.0260533
  0.0100322  -0.0106596   0.0674143  -0.0484967
-0.00984731   0.0260533  -0.0484967    0.143791
